-0.818273575466
2.45164136677
2.65931119591
-1.00379763537
2.90657909254
2.25997337753
0.0701570576995
3.31279042002
2.31918528272
-0.642848
2.34542
2.57241
1.43597002333
3.95632665958
2.70138207666
-0.584546460929
3.24230636924
1.88123257904
0.36441113236
3.94156216789
1.84227029716
0.237834230967
4.12690365075
0.564492486758
0.585829266778
4.37254888177
0.910240430762
0.711759413338
4.532219454
0.125128229859
0.544990973104
4.70319692964
-0.00722897549366
1.28272028547
4.68086765057
-0.179559550484
1.27617417142
4.80766555867
1.44663751119
1.34497001038
4.72066378372
1.8640507864
2.48631371672
4.67700474015
1.64048943795
2.66624716986
4.77337283896
0.994521103822
2.569582131
4.76637186818
0.389444548942
2.10017960376
4.70822568023
-0.111651970298
0.372413877839
4.74541514001
-0.0601874793958
0.103887187214
4.01443622571
0.496553278404
-0.721920935434
3.62307058349
-0.202867851003
-0.250291906638
3.57354010455
1.01431092663
-0.864387706401
3.38630319827
0.575010291371
-0.611087387482
4.67393124399
-0.391003900357
-0.844252508673
3.45119823231
-0.585151158161
-1.32442156878
3.17714131531
0.311253468473
-2.16451506393
2.66984277938
0.305818113627
-2.01501798691
2.83973002263
0.565977483886
-2.53487210058
2.34282257154
1.20915115245
-2.67758900904
2.09052648298
1.01934437775
-2.30522897003
2.52964751767
0.0385144040156
-2.84587838811
1.89158011259
0.801503260113
-2.79633384163
1.96639210857
1.19419761626
-2.97448993966
1.76222824941
0.998815345027
-2.61377250125
2.17915887573
1.42611244604
-3.11115519072
1.4296866133
1.9059170794
-2.83118511429
1.63123471959
2.0543703027
-3.59522084621
1.10048572422
1.73260297955
-3.43778298251
0.930242445496
2.4062646121
-4.04515
0.588905
2.04346
-2.76402223086
1.19606368315
2.69793661294
-1.95563563894
2.23096181517
2.25950216461
-1.90496300018
1.7193525589
2.81219323248
-2.06052415437
2.61466884149
1.83611423627
-2.14254633321
2.74998327662
1.53247913202
-1.01623683975
2.34862318023
2.8706990498
-1.25750064681
2.78553776195
2.3126243923
-1.20468494184
3.16240950699
1.90158561038
-1.34852906268
3.11561417902
1.92794748685
-1.40034495816
3.30879927572
1.48469717858
-1.22465272022
3.36512984667
1.43490912431
-1.27451854512
3.34363802606
0.935614306755
-2.0746769145
2.86129886824
1.05171976503
-4.29104768555
0.706489123832
1.30365484856
-3.52426825228
1.21938629598
0.584424053441
-3.29378439129
1.36443401724
0.281469931844
-2.87514422335
1.98811791523
-0.563543729509
-2.75410681886
1.93224724117
-1.42342802994
-1.65309332763
2.90247946397
-0.632338339911
-1.37085369099
3.20199356724
-0.880271283997
-3.23956232563
1.44836555696
-1.1200517965
-3.92104380438
0.681163616221
-0.216151335055
-4.14625524763
0.611058181243
0.271152599995
-1.50109991458
3.22254373707
-1.31423701808
-2.95917
1.94032
-1.64751
-3.14513543903
2.27134229624
-1.48908184507
-2.37355680378
3.45813972512
-1.46829640302
-1.23396609428
4.94430233776
-0.36308041797
-1.19462750709
4.87777960681
-0.517079454978
-2.13796715625
4.97526751305
-0.32174928216
-3.0263298435
3.75428940316
-1.0826424014
-3.6258839765
2.58396985058
-1.01932871321
-3.79043407765
1.81267113091
-0.817239190408
-4.23950934304
0.862560677842
0.11780554568
-4.10454003228
1.86541904132
-0.0681419144041
-3.93940368499
2.90495010654
-0.316010047012
-3.50465786345
4.10510207522
-0.539553688879
1.13903832585
5.07023967506
-0.0625239504799
2.17269240479
5.09047284442
0.0590380383169
0.662896012906
4.94701648929
-0.0821777539104
2.35425992908
5.20869509553
0.41029666782
2.18331005885
5.31430747513
0.435921654508
1.95170703465
5.53115731022
1.21243754384
2.36238143386
5.32201758346
1.13546017032
2.30561223369
5.30496863811
1.74812915186
1.623638
5.53944
2.4772
1.25446180336
4.33735465506
2.84528292946
0.657696529438
5.1979455825
2.35656294391
0.298898493133
4.05994156087
2.94161907452
-0.33420271196
3.99876097181
2.85050087877
-0.0402548999686
5.0017685148
2.24614666346
-0.257707274697
4.93848730252
2.22327410786
-0.524529294017
3.9887887678
2.81068700439
-0.674352112033
3.53233886988
2.84974765177
-1.29886822423
2.98388493467
2.97024551292
-1.44365531759
2.06174194926
2.88293409828
-1.12209430916
3.93006319663
2.66878952747
-0.954628105693
4.92802763419
2.06100450229
-1.64644082959
5.21945379133
1.47503952301
-1.68453574618
4.89815390245
1.98498132056
-1.98473222048
3.79271281453
2.42889550203
-2.0225945484
2.89454687772
2.76166423581
-1.93878605677
1.8861584747
2.90234393744
-2.72550246382
1.50898305588
2.83079617704
-2.7028625835
2.7615725902
2.56311220004
-2.61374330414
3.71423473172
2.24479698844
-2.20162068542
4.82616387389
1.809120937
-1.87152303239
5.28329769804
1.10439501299
-3.5590627205
1.0844283928
2.48040781377
-3.53174307362
2.6152869459
2.26252881323
-3.39463797029
3.66376542472
1.91376348529
-3.01209993082
4.706801982
1.30384168885
-2.17221352019
5.21833337138
0.464888358295
-3.93573690776
0.851339026774
2.18340309351
-3.91462530947
2.52349921879
1.88084559092
-3.75628819969
3.52579809083
1.46711351182
-3.24017791243
4.61137736708
0.949911313391
-2.24471966594
5.15460117354
0.260132903543
-4.40608033915
0.934467626206
1.23613271724
-4.05704029658
2.24514148892
0.903283304638
-3.9747955032
3.26333607665
0.523537466889
-3.55830036328
4.35061884617
0.0414305002904
1.18803710914
5.60796192408
0.760849095022
1.3224005025
5.62552212402
0.973455804403
-0.830229706018
4.66203691678
-0.6309817459
-1.11844260146
3.3063360555
-0.946585577976
-1.0013100067
4.86518981818
-0.00837504541945
-1.080893281
5.41238623578
0.936462438772
-0.0249172306728
5.28114960783
0.725724976753
-0.703178994272
4.80011539425
-0.0642248423338
0.306975074953
5.38248574868
0.63303303991
0.715362344345
5.4286808034
0.631557072477
1.07193474158
5.65746784201
1.72443978927
0.675803480265
5.53706190581
1.73409750264
0.0342717864931
5.33671640455
1.63913488248
-0.121137233308
5.32188241816
1.63011767228
-0.520665831872
5.29997914848
1.51215377617
-0.919539367321
5.41354217465
1.21147673105
0.210375412618
5.46733691262
1.16608017879
-0.42824375394
3.72379595886
2.35361706928
-0.916854548575
4.58015111016
0.948839213745
-1.53334721397
4.73678626404
1.21148174307
-0.50845063803
4.10141566392
1.94602410424
-0.453181571257
4.28792127498
0.763700741782
-0.838040780637
3.89677921945
0.822996412868
-0.836975336992
4.23349526525
1.21979477849
-1.48916696696
3.7733657828
0.620101952823
-0.879540105757
4.55981345779
0.546686888605
-0.829823427323
3.98041719491
0.480065978987
-0.147961688895
4.91466108714
1.30621463812
-1.62783457063
3.28063167001
2.19758840505
-1.75788447833
3.52400298135
1.43045952071
-2.20995539747
3.20400334655
1.80923907617
-1.06382569976
3.47175045257
2.06619413444
-1.2469792766
3.75264320645
1.29356606175
-0.227791228664
4.76723569317
1.579416897
-2.42787290968
4.32352741406
0.358117630083
-2.86965936
3.58565548889
0.173726968056
-1.73902522819
3.98685004234
-0.310012881193
-1.94183261274
4.50921082223
0.560074602612
-2.25933778164
3.42107758005
0.804068073514
-2.23417235292
3.35495702138
-0.371139949297
-2.53202540458
3.81005006743
1.12995480248
-2.90399801037
2.91754178767
-0.350241781519
-2.46951936502
3.02464654348
-0.64723833167
-3.39021378317
2.04874443144
0.654523052196
-2.96067932042
2.84243963644
0.747310076732
-1.65384739773
2.46854852814
2.72361842595
0.456354413121
4.82424925702
0.619688245565
-0.20287262528
4.56460834885
0.539533141028
-1.60874652297
4.54074110039
0.716872763043
-0.900239768571
4.49443295986
-0.00432669221486
1.21308961197
5.02866863659
0.562035188184
0.714918586274
5.01626969637
1.33570344655
2.11392577569
5.10976779947
0.522084676726
-3.09949176841
2.72525315754
1.60017262986
-1.95435397132
4.02874470973
1.41725582952
-2.77779798272
2.46874214241
1.97792530043
-1.48967205273
4.20833071298
1.45970979479
-3.00589322139
2.16024451599
1.15130621082
-3.45309521711
1.81085773817
1.94701510571
