
127.642807169
127.642807169
127.642807169
127.642807169
127.642807169
127.642807169
127.642807169
127.642807169
127.642807169
127.642807169
125.002807169
117.846595365
105.262088553
90.1721942993
75.5402471648
61.4192377373
48.6607110832
37.6379056899
28.5276313035
21.3575171501
15.8822787002
11.703209709
8.57065741019
6.2480473579
4.50586683618
3.21964036596
2.28240065421
1.60774002233
1.12807953045
0.795478510367
0.569026013928
0.420288685243
0.326004912501
0.269551758697
0.238096045024
0.222078972582
0.214904002203
0.211894563511
0.210047412418
0.207413986213
0.202905760116
0.19618356979
0.187172004999
0.176294714737
0.163887778933
0.15055378094
0.136727847676
0.122902305627
0.109436818675
0.0966331812405
0.0847163170373
0.073826499322
0.0640648598644
0.0554636839482
0.048009749782
0.0416495523708
0.0362860642542
0.0318355658329
0.0281516931171
0.025152017967
0.0227162033673
0.0207793282726
0.0192443576993
0.0180682347351
0.0171699870764
0.0165309490567
0.0160881842273
0.0158237383053
0.0156982343013
0.0156964884846
0.0157933221411
0.0159743508809
0.0162207717286
0.0164821785019
0.0167502989403
0.0170417377587
0.0173394761537
0.0176423643793
0.0179673587085
0.01829744726
0.0186321552382
0.0189717957043
0.0193159569927
0.0196646542051
0.0200177106457
0.0203537923327
0.0206930640692
0.021034694435
0.0213794581216
0.0217262468749
0.0220762658422
0.0224294946683
0.0227829225212
0.0231393977158
0.0234989666331
0.0238616161122
0.024227345546
0.0245961418724
0.0249679987631
0.0253428979655
0.0257208291209
0.0261017703712
0.026485709303
0.0268726220385
0.0272624945343
0.0276553018008
0.028051028054
0.0284496477748
0.0288511432279
0.0292554887514
0.0296626644938
0.0300726448889
0.030485407904
0.0309009281799
0.0313191815491
0.0317401428604
0.0321637859565
0.0325900858053
0.0330190144761
0.0334505469017
0.033884653634
0.034321309379
0.0347604834357
0.0352021500806
0.0356462776085
0.036092839676
0.0365418037879
0.0369931428204
0.0374468236579
0.037902818276
0.0383610930591
0.0388216190069
0.039284362076
0.0397492922582
0.0402163751122
0.0406855796274
0.0411568709596
0.0416302171317
0.0421055828656
0.0425829352744
0.043062238599
0.0435434591123
0.044026560519
0.0445115083255
0.0449982656457
0.0454867972913
0.0459770657365
0.0464690351632
0.0469626673679
0.0474579259581
0.0479547720269
0.0484531686521
0.0489530762113
0.0494544572866
0.0499572715414
0.0504614810863
0.0509670448838
0.051473924589
0.0519820784863
0.0524914677868
0.0530020501262
0.0535137862792
0.0540266332678
0.0545405514366
0.0550554972314
0.0555714305735
0.0560883073705
0.0566060871296
0.0571247252575
0.0576441808587
0.0581644088751
0.0586853680236
0.0592070128147
0.0597293015963
0.0602521884789
0.0607756314631
0.0612995842884
0.0618240046335
